
structure_views = {
    'ecSecB': {
        'views': [ #top, casual side, side
               (-0.185842305,    0.232122123,   -0.954767525,\
                 0.331647098,    0.929490864,    0.161422864,\
                 0.924917459,   -0.286646634,   -0.249721184,\
                 0.000000000,    0.000000000, -305.181396484,\
                 0.498797417,    0.352722168,   -0.042713165,\
               240.607330322,  369.755462646,  -20.000000000 ),
               (-0.618285120,   -0.341941833,   -0.707671046,\
                -0.198215932,    0.939131498,   -0.280603737,\
                 0.760547638,   -0.033221602,   -0.648430765,\
                 0.000000000,    0.000000000, -305.181396484,\
                 0.498797417,    0.352722168,   -0.042713165,\
               240.607330322,  369.755462646,  -20.000000000 ),
                (0.228926048, -0.924255550, 0.305516034, \
                -0.293221116, 0.233801037, 0.927016854, \
                -0.928231716, -0.301801771, -0.217489570, \
                0.000000000, 0.000000000, -259.379119873, \
                0.498797417, 0.352722168, -0.042713165, \
                194.804992676, 323.953094482, -20.000000000 )
            ],
        'filename': 'ecSecB_NMR.pdb'
    },

    'SecA_monomer': {
        'views': [
            (1.000000000, 0.000000000, 0.000000000, \
             0.000000000, 1.000000000, 0.000000000, \
             0.000000000, 0.000000000, 1.000000000, \
             0.000000000, 0.000000000, -319.852020264, \
           -22.527465820, -0.039665222, -7.049060822, \
           252.173767090, 387.530273438, -20.000000000 ),
            (0.923894465, 0.382643610, 0.001332985, \
            -0.365652055, 0.881832898, 0.297770917, \
            0.112765476, -0.275596678, 0.954636157, \
            0.000000000, 0.000000000, -368.119323730, \
            -22.527465820, -0.039665222, -7.049060822, \
            300.441101074, 435.797729492, -20.000000000 )
        ],
        'filename': 'SecA_monomer.pdb'
    },
}

aligned_views = [
(\
     0.126118362,   -0.019001855,   -0.991833150,\
     0.843439400,    0.528371334,    0.097126387,\
     0.522210538,   -0.848800719,    0.082664244,\
     0.000000000,    0.000000000, -332.311279297,\
    22.104541779,  110.846664429,  203.895339966,\
   275.874816895,  388.747680664,  -20.000000000 ),
    # side view
(\
     0.053090092,   -0.951466978,    0.303134978,\
     0.841260374,   -0.120938927,   -0.526931942,\
     0.538018823,    0.282990217,    0.794009686,\
     0.000000000,    0.000000000, -332.311279297,\
    22.104541779,  110.846664429,  203.895339966,\
   275.874816895,  388.747680664,  -20.000000000 )

    ]
### cut above here and paste into script ###